% # columns="iteration, evaluation, sigma, axis ratio, bestever, best, median, worst objective function value, interquartile range, further/more values", seed=584969, Thu Feb 13 18:49:23 2025, <python>{}</python>
1 8 0.0042723736720785424 1.0000400008000108 -82.0 -8.2000000000000000e+01 -0.0 -0.0 45.0   
2 16 0.003839188647116384 1.1867520795076658 -82.0 -6.6000000000000000e+01 -0.0 -0.0 12.5   
3 24 0.003727334931091093 1.2057711552475396 -82.0 -4.1000000000000000e+01 -5.0 -0.0 16.0   
4 32 0.004267939186873939 1.3372397183833986 -83.0 -8.3000000000000000e+01 -0.0 -0.0 36.5   
5 40 0.004229769158282431 1.81604600334676 -83.0 -3.8000000000000000e+01 -0.0 -0.0 18.0   
6 48 0.005214169724194687 1.9620224522032523 -83.0 -7.0000000000000000e+01 -29.0 -0.0 39.5   
7 56 0.005689268720952495 2.419843194576781 -157.0 -1.5700000000000000e+02 -31.0 -0.0 53.5   
8 64 0.005515986716889718 2.778812348887879 -157.0 -4.6000000000000000e+01 -0.0 -0.0 15.5   
9 72 0.004787097511698644 2.570570735225176 -157.0 -6.2000000000000000e+01 -0.0 -0.0 48.0   
10 80 0.004691578625427817 2.7505389836236946 -157.0 -1.0300000000000000e+02 -0.0 -0.0 27.0   
11 88 0.004801121406602299 2.814204414037786 -157.0 -8.7000000000000000e+01 -14.0 -0.0 30.0   
12 96 0.004227391246834604 3.217588187839717 -157.0 -1.0200000000000000e+02 -14.0 -0.0 22.0   
13 104 0.003702223520150098 3.658149444630582 -157.0 -3.6000000000000000e+01 -0.0 -0.0 25.5   
14 112 0.003156830991687225 3.629209726365031 -157.0 -7.2000000000000000e+01 -14.0 -0.0 36.0   
15 120 0.0033028882431455887 3.6250438699912473 -157.0 -9.3000000000000000e+01 -42.0 -0.0 63.5   
16 128 0.0034161503509165976 4.332539968240444 -157.0 -5.9000000000000000e+01 -0.0 -0.0 47.0   
17 136 0.0034616246495432906 4.5109783669941645 -157.0 -4.9000000000000000e+01 -16.0 -0.0 35.0   
18 144 0.0034220999168462812 5.2024330844426006 -157.0 -7.0000000000000000e+01 -30.0 -14.0 16.0   
19 152 0.0033510819402979 5.625502879998908 -164.0 -1.6400000000000000e+02 -35.0 -13.0 22.0   
20 160 0.0035801352728313273 5.944745956755173 -187.0 -1.8700000000000000e+02 -38.0 -0.0 47.0   
21 168 0.00351921738976664 6.544993352589812 -187.0 -6.4000000000000000e+01 -40.0 -0.0 57.0   
22 176 0.003157412559943072 6.628662292008143 -187.0 -1.0700000000000000e+02 -42.0 -0.0 22.5   
23 184 0.0033000611832134925 7.11587088827606 -187.0 -8.4000000000000000e+01 -47.0 -0.0 47.0   
24 192 0.00305269963113441 8.991977470296218 -187.0 -1.5500000000000000e+02 -45.0 -40.0 77.0   
25 200 0.0026153792493788584 8.889468760545812 -187.0 -1.8500000000000000e+02 -50.0 -0.0 89.5   
26 208 0.002223124942421269 9.777580996128712 -187.0 -8.4000000000000000e+01 -0.0 -0.0 70.5   
27 216 0.00218954717196797 10.873908471419876 -187.0 -7.5000000000000000e+01 -48.0 -0.0 42.0   
28 224 0.0020824482369315887 11.306171306790452 -187.0 -1.3500000000000000e+02 -55.0 -45.0 24.0   
29 232 0.002022337553106789 11.192694718007077 -249.0 -2.4900000000000000e+02 -90.0 -50.0 133.5   
30 240 0.0021576144733697128 11.488556114510503 -249.0 -1.5400000000000000e+02 -72.0 -0.0 77.5   
31 248 0.0020235247973861034 12.797606114593215 -249.0 -1.7000000000000000e+02 -0.0 -0.0 116.5   
32 256 0.0020167072654472384 13.637319134178945 -249.0 -1.4700000000000000e+02 -87.0 -51.0 40.5   
33 264 0.0017969881967558879 16.886864304004035 -249.0 -1.6600000000000000e+02 -90.0 -0.0 80.0   
34 272 0.0018147871222197567 19.207881608751435 -249.0 -1.7100000000000000e+02 -162.0 -0.0 53.5   
35 280 0.0018129296332797125 22.135298415201973 -249.0 -1.6500000000000000e+02 -103.0 -0.0 126.0   
36 288 0.0016605956888256326 26.11419599104457 -249.0 -2.3500000000000000e+02 -136.0 -15.0 50.0   
37 296 0.0015657068165671705 27.982262956976637 -249.0 -1.5400000000000000e+02 -124.0 -0.0 98.5   
38 304 0.0015370083885681688 26.208541761426375 -249.0 -2.3800000000000000e+02 -86.0 -0.0 96.0   
39 312 0.0015901335835293879 27.789603328088877 -291.0 -2.9100000000000000e+02 -121.0 -39.0 161.0   
40 320 0.0017219844578847791 32.741333845403105 -318.0 -3.1800000000000000e+02 -130.0 -0.0 211.0   
41 328 0.001486495528848589 42.44766736336528 -318.0 -2.6100000000000000e+02 -213.0 -0.0 229.0   
42 336 0.0014878826586386031 46.498571098413656 -318.0 -2.5400000000000000e+02 -152.0 -70.0 109.5   
43 344 0.001565506619892329 47.32576357348321 -318.0 -2.2800000000000000e+02 -182.0 -124.0 50.0   
44 352 0.001469359516574341 44.608450477058696 -326.0 -3.2600000000000000e+02 -121.0 -0.0 191.5   
45 360 0.0014827951163737738 49.12758746395671 -326.0 -3.1300000000000000e+02 -161.0 -99.0 113.5   
46 368 0.0016192477427996383 53.06948302454175 -326.0 -1.8200000000000000e+02 -83.0 -36.0 81.5   
47 376 0.0012867984729067583 60.60074356153209 -326.0 -2.6900000000000000e+02 -201.0 -104.0 89.5   
48 384 0.0010340749099827455 63.731472442229624 -326.0 -3.1600000000000000e+02 -229.0 -44.0 167.0   
49 392 0.0009243830079671881 63.146472405009874 -326.0 -3.2200000000000000e+02 -176.0 -123.0 155.5   
50 400 0.0008151489508195311 65.29000719594698 -326.0 -3.2200000000000000e+02 -274.0 -171.0 88.0   
51 408 0.00068301142742489 70.21435223765808 -343.0 -3.4300000000000000e+02 -101.0 -0.0 256.5   
52 416 0.0006698570703573814 77.98038502485512 -343.0 -3.3800000000000000e+02 -264.0 -164.0 121.0   
53 424 0.0006605319709938146 78.0511797476805 -343.0 -3.4300000000000000e+02 -304.0 -234.0 64.5   
54 432 0.0006639911977416315 83.58623074420207 -343.0 -3.2900000000000000e+02 -278.0 -178.0 84.0   
55 440 0.0006500049996134968 89.58718715998599 -343.0 -3.4000000000000000e+02 -331.0 -243.0 49.5   
56 448 0.0006762241970344324 90.60664232914452 -343.0 -3.2600000000000000e+02 -283.0 -240.0 24.0   
57 456 0.0006316121860717674 94.15099239140443 -343.0 -3.3900000000000000e+02 -330.0 -251.0 34.5   
58 464 0.000564285545941054 90.24089759151728 -343.0 -3.3900000000000000e+02 -305.0 -259.0 37.0   
59 472 0.00048774558890617544 101.37635161006673 -343.0 -3.3400000000000000e+02 -322.0 -256.0 55.5   
60 480 0.000522599196943698 105.32110972334677 -343.0 -3.3100000000000000e+02 -319.0 -259.0 8.0   
61 488 0.0004987297933978362 108.31491281003764 -343.0 -3.4100000000000000e+02 -321.0 -299.0 16.0   
62 496 0.000501815358179361 115.8726258132503 -343.0 -3.4100000000000000e+02 -324.0 -308.0 15.5   
63 504 0.00046399006027391244 115.1648459443468 -344.0 -3.4400000000000000e+02 -332.0 -304.0 26.0   
64 512 0.00040949854681516574 124.35805145182034 -345.0 -3.4500000000000000e+02 -332.0 -325.0 9.5   
65 520 0.00038452210801785447 127.98311777544043 -349.0 -3.4900000000000000e+02 -332.0 -317.0 12.0   
66 528 0.000403140685445114 140.90325048513287 -349.0 -3.4900000000000000e+02 -344.0 -334.0 9.5   
67 536 0.0004551757649106604 171.52361918475307 -352.0 -3.5200000000000000e+02 -338.0 -330.0 16.5   
68 544 0.0004526440221840487 191.23849647903523 -352.0 -3.5200000000000000e+02 -349.0 -333.0 8.5   
69 552 0.0003967602885036686 176.94116679265585 -352.0 -3.4600000000000000e+02 -331.0 -298.0 24.5   
70 560 0.00034121641273014 203.09791920334948 -352.0 -3.5100000000000000e+02 -342.0 -331.0 7.5   
71 568 0.00037376712434649534 219.29345265554042 -352.0 -3.5200000000000000e+02 -347.0 -342.0 3.0   
72 576 0.00035190070264422323 287.18068204053185 -353.0 -3.5300000000000000e+02 -346.0 -330.0 3.5   
73 584 0.00034904031867401703 283.34816803551763 -353.0 -3.5300000000000000e+02 -342.0 -332.0 11.0   
74 592 0.0003100347627875682 330.94075821089103 -353.0 -3.5300000000000000e+02 -347.0 -343.0 4.5   
75 600 0.0002701108687067089 322.46846858515374 -354.0 -3.5400000000000000e+02 -349.0 -341.0 3.5   
76 608 0.00024595467429270554 308.6020941463881 -354.0 -3.5200000000000000e+02 -350.0 -345.0 3.0   
77 616 0.00025837392391486763 316.6088698057757 -354.0 -3.5400000000000000e+02 -351.0 -346.0 3.5   
78 624 0.0002137473269740344 311.88120102911193 -354.0 -3.5400000000000000e+02 -349.0 -343.0 2.0   
79 632 0.00020779364549569705 305.3558059325266 -356.0 -3.5600000000000000e+02 -352.0 -350.0 2.0   
80 640 0.00022237654553467065 346.6834293088451 -356.0 -3.5500000000000000e+02 -353.0 -349.0 3.5   
81 648 0.00023015306166735355 362.09387718634656 -357.0 -3.5700000000000000e+02 -353.0 -345.0 6.5   
82 656 0.00020371086401385266 350.09777008040345 -357.0 -3.5600000000000000e+02 -352.0 -351.0 2.0   
83 664 0.00017855107543404596 336.9702021115744 -358.0 -3.5800000000000000e+02 -354.0 -352.0 1.5   
84 672 0.0001680169938772267 326.9690055272483 -358.0 -3.5500000000000000e+02 -354.0 -352.0 2.0   
85 680 0.000159662536266822 319.57174997456883 -358.0 -3.5600000000000000e+02 -353.0 -348.0 2.0   
86 688 0.00014192935486952347 358.28429500338837 -358.0 -3.5600000000000000e+02 -355.0 -350.0 2.0   
87 696 0.00015043134076419477 406.81486490072194 -358.0 -3.5700000000000000e+02 -355.0 -353.0 1.0   
88 704 0.00014423786857645728 383.2198539135409 -358.0 -3.5700000000000000e+02 -355.0 -353.0 2.0   
89 712 0.00014530771695402724 363.9086523955017 -358.0 -3.5700000000000000e+02 -355.0 -352.0 1.0   
90 720 0.00014515680913859837 375.93332011113534 -358.0 -3.5700000000000000e+02 -355.0 -351.0 2.0   
91 728 0.00013148108494358593 393.12911975427085 -358.0 -3.5700000000000000e+02 -356.0 -353.0 2.0   
92 736 0.00013365788455675821 379.1063124025298 -358.0 -3.5700000000000000e+02 -356.0 -354.0 1.0   
93 744 0.00011513974545656948 392.2724485388187 -358.0 -3.5700000000000000e+02 -356.0 -355.0 2.0   
94 752 0.00011556119636223286 398.72470031300446 -358.0 -3.5800000000000000e+02 -356.0 -352.0 3.0   
95 760 0.00010871804074801088 386.0607093044153 -358.0 -3.5700000000000000e+02 -355.0 -350.0 2.5   
96 768 0.00011116161422489793 423.94021835044606 -358.0 -3.5700000000000000e+02 -356.0 -351.0 4.0   
97 776 9.535244951578144e-05 466.15409523138493 -358.0 -3.5800000000000000e+02 -356.0 -353.0 1.5   
98 784 8.913944394128684e-05 454.76901197498 -358.0 -3.5800000000000000e+02 -356.0 -355.0 1.5   
99 792 8.460890831566117e-05 446.80564813005424 -358.0 -3.5700000000000000e+02 -356.0 -355.0 1.5   
100 800 7.926083476448887e-05 426.1405301983259 -358.0 -3.5800000000000000e+02 -357.0 -356.0 1.0   
101 808 6.932451628175692e-05 406.505363835104 -359.0 -3.5900000000000000e+02 -356.0 -356.0 2.0   
102 816 6.88375174695343e-05 435.2062144566696 -359.0 -3.5800000000000000e+02 -358.0 -357.0 1.0   
103 824 6.845438629378754e-05 475.27849567841287 -359.0 -3.5800000000000000e+02 -356.0 -356.0 1.5   
104 832 6.393972036502212e-05 482.8781247703241 -359.0 -3.5800000000000000e+02 -357.0 -356.0 1.5   
105 840 5.549135651544092e-05 442.1765622741314 -359.0 -3.5900000000000000e+02 -356.0 -356.0 1.0   
106 848 5.3553164569843024e-05 403.18015927257795 -359.0 -3.5800000000000000e+02 -357.0 -356.0 1.0   
107 856 5.9393792394056924e-05 434.5095111703813 -359.0 -3.5800000000000000e+02 -358.0 -356.0 1.0   
108 864 5.522775786984722e-05 414.1703972020707 -359.0 -3.5800000000000000e+02 -357.0 -356.0 1.0   
109 872 4.7074362193778364e-05 379.72045940513766 -359.0 -3.5800000000000000e+02 -358.0 -356.0 1.0   
110 880 4.97864388966821e-05 393.0245998505438 -359.0 -3.5900000000000000e+02 -358.0 -357.0 1.0   
111 888 4.744691249175696e-05 439.27057427738146 -359.0 -3.5900000000000000e+02 -358.0 -357.0 1.0   
112 896 4.863473826480273e-05 420.5396942337327 -359.0 -3.5800000000000000e+02 -357.0 -356.0 1.0   
113 904 5.18078773965908e-05 413.9458989941418 -359.0 -3.5800000000000000e+02 -358.0 -356.0 1.0   
114 912 4.813073917695539e-05 439.5934564605763 -359.0 -3.5800000000000000e+02 -358.0 -356.0 1.0   
115 920 4.627310935621214e-05 404.05450283959385 -359.0 -3.5800000000000000e+02 -357.0 -356.0 1.0   
116 928 5.5090904261125874e-05 406.87866089924074 -359.0 -3.5900000000000000e+02 -358.0 -357.0 1.0   
117 936 6.0264693301302975e-05 483.64907757978955 -359.0 -3.5800000000000000e+02 -358.0 -357.0 1.0   
118 944 5.7935697462014724e-05 454.21042192655244 -359.0 -3.5800000000000000e+02 -357.0 -356.0 1.0   
119 952 5.5254265694018575e-05 388.86408836293714 -359.0 -3.5800000000000000e+02 -358.0 -356.0 1.0   
120 960 5.060523306990593e-05 399.9549075350951 -359.0 -3.5800000000000000e+02 -358.0 -357.0 0.5   
121 968 5.135228191654374e-05 387.5488005434224 -359.0 -3.5800000000000000e+02 -358.0 -357.0 0.0   
122 976 4.442111883136715e-05 416.87467838054766 -359.0 -3.5800000000000000e+02 -358.0 -356.0 0.5   
123 984 4.1008382611608375e-05 457.6275687697528 -359.0 -3.5800000000000000e+02 -358.0 -358.0 0.0   
124 992 3.898622651936278e-05 473.2079538588452 -359.0 -3.5800000000000000e+02 -358.0 -357.0 0.0   
