% # columns="iteration, evaluation, sigma, max axis length,  min axis length, all principal axes lengths  (sorted square roots of eigenvalues of C)", seed=584969, Thu Feb 13 18:49:23 2025
1 8 0.0042723736720785424 1.0000400008000108 1.0 1.0 1.00001000005 1.0000200002000015 1.0000300004500045 1.0000400008000108
2 16 0.003839188647116384 1.0399922409351507 0.8763348797893831 0.8763348797893831 0.94321671916612 0.9746216653571786 0.9925878697772298 1.0399922409351507
3 24 0.003727334931091093 1.0365345230613698 0.8596444844034885 0.8596444844034885 0.8951331721362631 0.9315788041271492 1.0059604124511778 1.0365345230613698
4 32 0.004267939186873939 1.0953923160960457 0.8191443172360118 0.8191443172360118 0.8535133321049104 0.9157698865026778 0.952692927242067 1.0953923160960457
5 40 0.004229769158282431 1.3955784803585634 0.768470885531906 0.768470885531906 0.8140307965395529 0.8774880709901257 0.9132045125484437 1.3955784803585634
6 48 0.005214169724194687 1.3943302266475233 0.7106596690989753 0.7106596690989753 0.8230386137339173 0.8459506351663336 0.8737204209570043 1.3943302266475233
7 56 0.005689268720952495 1.596230916573065 0.659642294240573 0.659642294240573 0.8220915794494265 0.8460912016810405 0.931935401638819 1.596230916573065
8 64 0.005515986716889718 1.5780715006152248 0.567894230514267 0.567894230514267 0.8229898173896778 0.9112061144081642 0.9554751029166111 1.5780715006152248
9 72 0.004787097511698644 1.3961384957472593 0.5431239361032253 0.5431239361032253 0.7801180987305796 0.9217339717496451 1.0525137040314194 1.3961384957472593
10 80 0.004691578625427817 1.3233364349248833 0.48111895261395465 0.48111895261395465 0.7819016294244638 0.9418605726906676 1.0299644291873036 1.3233364349248833
11 88 0.004801121406602299 1.3051603219830705 0.46377594870958305 0.46377594870958305 0.75924274508942 0.9196731076656196 1.0568786606196214 1.3051603219830705
12 96 0.004227391246834604 1.3840157134656652 0.4301407242531217 0.4301407242531217 0.7763137656170894 0.9056308054573817 0.9561198867361006 1.3840157134656652
13 104 0.003702223520150098 1.4194045641154287 0.38801163965535235 0.38801163965535235 0.7390276326001429 0.8328975496288031 0.9712195064900946 1.4194045641154287
14 112 0.003156830991687225 1.2955831012593098 0.35698766369089086 0.35698766369089086 0.7443955470644374 0.8299049818891032 0.9751576025814827 1.2955831012593098
15 120 0.0033028882431455887 1.2543433604234817 0.34602156702354897 0.34602156702354897 0.6582910143878711 0.8251831686976204 0.9767144228746633 1.2543433604234817
16 128 0.0034161503509165976 1.3362764526913575 0.3084279573845579 0.3084279573845579 0.6586481778628183 0.8395580800278711 0.9460560535525186 1.3362764526913575
17 136 0.0034616246495432906 1.3298979246970002 0.29481363387321263 0.29481363387321263 0.6532364365195077 0.8614056544251332 0.8937257681226746 1.3298979246970002
18 144 0.0034220999168462812 1.4264543360404873 0.27418984788217043 0.27418984788217043 0.6142814961184905 0.8139538217202289 0.9108198971904844 1.4264543360404873
19 152 0.0033510819402979 1.4140673526984275 0.2513672791326883 0.2513672791326883 0.6470278047007305 0.8408641560426329 0.8922928173314547 1.4140673526984275
20 160 0.0035801352728313273 1.3831517366358679 0.232667930084406 0.232667930084406 0.6467132381732144 0.8047462269976975 0.915225256086205 1.3831517366358679
21 168 0.00351921738976664 1.4531777594880915 0.2220289129725515 0.2220289129725515 0.6031271798697633 0.8386774502249387 0.9306452755569545 1.4531777594880915
22 176 0.003157412559943072 1.4223990448308932 0.2145831213253707 0.2145831213253707 0.5695630761501909 0.8665808489968654 0.9416958176058998 1.4223990448308932
23 184 0.0033000611832134925 1.409540250295642 0.19808401141987653 0.19808401141987653 0.536042821050482 0.8477349533454598 0.9600049433415145 1.409540250295642
24 192 0.00305269963113441 1.5975920886188513 0.17766860447507576 0.17766860447507576 0.5227232026732436 0.855184905607005 0.9454293960945885 1.5975920886188513
25 200 0.0026153792493788584 1.5640797243573685 0.1759474909568538 0.1759474909568538 0.4988462010774381 0.8304585336231497 0.9491709116406267 1.5640797243573685
26 208 0.002223124942421269 1.5046216171553977 0.15388485329358356 0.15388485329358356 0.48988314957624396 0.865343946386775 0.9840014573156651 1.5046216171553977
27 216 0.00218954717196797 1.4765372195336997 0.1357871664465922 0.1357871664465922 0.4618646859395996 0.8958808593761588 0.9864402905490338 1.4765372195336997
28 224 0.0020824482369315887 1.4166290040830383 0.125296969738307 0.125296969738307 0.47017444652965884 0.924465807049265 0.9916280976553189 1.4166290040830383
29 232 0.002022337553106789 1.31758488749482 0.11771829042876132 0.11771829042876132 0.5052269508868008 0.8996804254029952 0.987493503412888 1.31758488749482
30 240 0.0021576144733697128 1.3570003624250306 0.11811757273057884 0.11811757273057884 0.5066054832366877 0.8724315437901742 0.8890539266091209 1.3570003624250306
31 248 0.0020235247973861034 1.4064289933122445 0.10989781844500449 0.10989781844500449 0.4856580561833524 0.8315799774678784 0.9624149516468841 1.4064289933122445
32 256 0.0020167072654472384 1.3516960520781602 0.09911743200981717 0.09911743200981717 0.4831923499240041 0.8298705307951217 0.9698665630483118 1.3516960520781602
33 264 0.0017969881967558879 1.4088872002977977 0.08343095407971847 0.08343095407971847 0.48166849483907026 0.8363555644105984 0.9697341320148248 1.4088872002977977
34 272 0.0018147871222197567 1.3765997739725597 0.07166848494866594 0.07166848494866594 0.46938388153866617 0.8514591948797465 0.9762375266835975 1.3765997739725597
35 280 0.0018129296332797125 1.5091698848255846 0.0681793331410036 0.0681793331410036 0.45702659120940503 0.8190402165939323 0.9295808614189504 1.5091698848255846
36 288 0.0016605956888256326 1.5517993410898603 0.05942359250202549 0.05942359250202549 0.4384353200470032 0.8093966832482407 0.9660057273537066 1.5517993410898603
37 296 0.0015657068165671705 1.5792270643768245 0.056436717316427264 0.056436717316427264 0.4224578960666677 0.8206967687248167 0.9777341941703317 1.5792270643768245
38 304 0.0015370083885681688 1.4893887583230785 0.05682837190564928 0.05682837190564928 0.4341424422216242 0.7584690554279911 0.9918495661531966 1.4893887583230785
39 312 0.0015901335835293879 1.5155933802096104 0.054538143719298625 0.054538143719298625 0.43485379929231727 0.7431358837946253 0.9446806957403782 1.5155933802096104
40 320 0.0017219844578847791 1.625222660874214 0.04963825446294076 0.04963825446294076 0.4467004867250834 0.7340518643022811 0.8707427959835604 1.625222660874214
41 328 0.001486495528848589 1.85254105843513 0.04364294137948266 0.04364294137948266 0.43897652896812 0.6927570586834112 0.8783509341261669 1.85254105843513
42 336 0.0014878826586386031 1.8457515322727913 0.0396948011233782 0.0396948011233782 0.40538125852710255 0.6849792957693441 0.8918628858918496 1.8457515322727913
43 344 0.001565506619892329 1.84015397951348 0.03888271082317042 0.03888271082317042 0.36890547492555475 0.7409313440945926 0.8767739708466575 1.84015397951348
44 352 0.001469359516574341 1.9281113890118347 0.04322300748831047 0.04322300748831047 0.3520568823858228 0.7338401597281892 0.846736330918291 1.9281113890118347
45 360 0.0014827951163737738 1.908432553496443 0.03884645373430147 0.03884645373430147 0.35910520339034546 0.7079278553992266 0.8727270734080156 1.908432553496443
46 368 0.0016192477427996383 1.8995355201388446 0.03579336771116486 0.03579336771116486 0.3552893545858922 0.6894084995072041 0.9049384558771962 1.8995355201388446
47 376 0.0012867984729067583 1.928387448563883 0.031821184613120446 0.031821184613120446 0.3428393047571134 0.7448338654485673 0.9319638339467677 1.928387448563883
48 384 0.0010340749099827455 1.9295258320136013 0.03027587090134548 0.03027587090134548 0.31038443806664956 0.7445214716387646 0.9182222799587841 1.9295258320136013
49 392 0.0009243830079671881 1.861648345528845 0.029481430626695573 0.029481430626695573 0.28999492513458924 0.7464531004970693 0.863465991788034 1.861648345528845
50 400 0.0008151489508195311 1.8630999159019936 0.028535759083476553 0.028535759083476553 0.2598270397380443 0.7687036815378537 0.8335619460383938 1.8630999159019936
51 408 0.00068301142742489 1.8466018650202831 0.02629949299781327 0.02629949299781327 0.24985063430148782 0.7741336906387222 0.8281888165777358 1.8466018650202831
52 416 0.0006698570703573814 1.7761607329414348 0.02277701927703113 0.02277701927703113 0.24385965615149163 0.7726318773060565 0.8248745485221735 1.7761607329414348
53 424 0.0006605319709938146 1.750906658572662 0.0224328019670285 0.0224328019670285 0.2433800805572266 0.7510806590085671 0.8442954632088349 1.750906658572662
54 432 0.0006639911977416315 1.788847196859264 0.021401218609003337 0.021401218609003337 0.23077819259310145 0.7401963998471273 0.8340050103367891 1.788847196859264
55 440 0.0006500049996134968 1.7740258314053228 0.019802227167119824 0.019802227167119824 0.2230090487583976 0.7200877243067594 0.8853745556662822 1.7740258314053228
56 448 0.0006762241970344324 1.8200903802666684 0.020087825058728817 0.020087825058728817 0.19926706383832585 0.6609997260237773 0.8718462003728896 1.8200903802666684
57 456 0.0006316121860717674 1.9050034009045058 0.020233492526398736 0.020233492526398736 0.20217474971642924 0.6076441022048927 0.8718653549438484 1.9050034009045058
58 464 0.000564285545941054 1.803051148384679 0.019980421255851595 0.019980421255851595 0.18897733443714926 0.6171862950914057 0.8389058391451953 1.803051148384679
59 472 0.00048774558890617544 1.8873924041271382 0.018617679312299486 0.018617679312299486 0.189073943399581 0.5722478221777062 0.823583178777568 1.8873924041271382
60 480 0.000522599196943698 1.8086283943365213 0.017172515548757067 0.017172515548757067 0.18309460490162363 0.5765207619236719 0.8066363726543676 1.8086283943365213
61 488 0.0004987297933978362 1.7469607951215878 0.01612853437998332 0.01612853437998332 0.19543488841654327 0.605626147844524 0.806367086803935 1.7469607951215878
62 496 0.000501815358179361 1.7550670508264121 0.015146520056039985 0.015146520056039985 0.18996003819265989 0.6192752468879078 0.773816211674303 1.7550670508264121
63 504 0.00046399006027391244 1.6729607629713295 0.014526661753880909 0.014526661753880909 0.1965699321562647 0.6343892350429003 0.8115355605196777 1.6729607629713295
64 512 0.00040949854681516574 1.6356405013907918 0.01315267071408306 0.01315267071408306 0.19397801957609676 0.6016848140461205 0.7886686600226743 1.6356405013907918
65 520 0.00038452210801785447 1.6701827392686301 0.013050023849232505 0.013050023849232505 0.1943222877176602 0.5683375437587108 0.786750274314593 1.6701827392686301
66 528 0.000403140685445114 1.6525077223947457 0.011727960261421413 0.011727960261421413 0.1929786051364131 0.5699373351594428 0.778062131885742 1.6525077223947457
67 536 0.0004551757649106604 1.7786396060292373 0.010369648299651448 0.010369648299651448 0.18692707016978563 0.5742572520173992 0.8185586508970302 1.7786396060292373
68 544 0.0004526440221840487 1.8625044015521433 0.00973917090880456 0.00973917090880456 0.18220834754087137 0.5562337776674621 0.8572326189580716 1.8625044015521433
69 552 0.0003967602885036686 1.7037060626226226 0.009628658460351788 0.009628658460351788 0.17727919899259678 0.53339731361379 0.903866897601023 1.7037060626226226
70 560 0.00034121641273014 1.6854307752858846 0.008298611733182585 0.008298611733182585 0.17430707941117302 0.5281741686539418 0.9151353960400023 1.6854307752858846
71 568 0.00037376712434649534 1.653976203329619 0.007542296330787564 0.007542296330787564 0.17530441707590683 0.4904420198727034 0.9173052619445184 1.653976203329619
72 576 0.00035190070264422323 1.9575859482444418 0.006816565565396051 0.006816565565396051 0.16568406382809234 0.48191425517784625 0.9366668830533686 1.9575859482444418
73 584 0.00034904031867401703 1.9011072549261017 0.0067094390202226345 0.0067094390202226345 0.17078508528169237 0.440822707557572 0.9464966284826223 1.9011072549261017
74 592 0.0003100347627875682 1.8913288386921543 0.005715007268723638 0.005715007268723638 0.17484250342903257 0.46135079913492893 0.9899494217426458 1.8913288386921543
75 600 0.0002701108687067089 1.8678775446112372 0.0057924346923178 0.0057924346923178 0.16697558880192634 0.4238375583001467 0.9873548714617247 1.8678775446112372
76 608 0.00024595467429270554 1.791414306146053 0.005804932436058843 0.005804932436058843 0.16029745017241798 0.40197940602607357 0.9395995705620891 1.791414306146053
77 616 0.00025837392391486763 1.7945945686049347 0.005668175277925195 0.005668175277925195 0.15580661271828553 0.3834237560070956 0.9363759504007526 1.7945945686049347
78 624 0.0002137473269740344 1.734960349215641 0.0055628885084795295 0.0055628885084795295 0.1618496450769717 0.38085504434722883 0.928223856622959 1.734960349215641
79 632 0.00020779364549569705 1.69746417178772 0.005558971333798063 0.005558971333798063 0.15823897616132648 0.34633473575971185 0.8917560875069722 1.69746417178772
80 640 0.00022237654553467065 1.727551128305333 0.004983079611706314 0.004983079611706314 0.15210217119004263 0.3611234833654382 0.929454350516145 1.727551128305333
81 648 0.00023015306166735355 1.7994068163775907 0.004969448338535565 0.004969448338535565 0.15423862280283404 0.35724115359047803 0.9154570105089382 1.7994068163775907
82 656 0.00020371086401385266 1.6493524810963802 0.0047111196415720955 0.0047111196415720955 0.15407959218761572 0.377960504899455 0.9112300103605772 1.6493524810963802
83 664 0.00017855107543404596 1.5302736074114665 0.004541272782644374 0.004541272782644374 0.14974122647926655 0.37855815130988846 0.9686785559380287 1.5302736074114665
84 672 0.0001680169938772267 1.505477003600082 0.004604341629178125 0.004604341629178125 0.14501395949066004 0.3440180139213102 0.9169127989904774 1.505477003600082
85 680 0.000159662536266822 1.497243025617216 0.004685154509860039 0.004685154509860039 0.1401935310298475 0.3472458716027521 0.8804306686858644 1.497243025617216
86 688 0.00014192935486952347 1.5482454375973849 0.004321276313779656 0.004321276313779656 0.13658889900596496 0.3479601280536145 0.855410768453646 1.5482454375973849
87 696 0.00015043134076419477 1.530446766805986 0.003762022725446555 0.003762022725446555 0.13430147002499784 0.3421991895820929 0.8523853966577581 1.530446766805986
88 704 0.00014423786857645728 1.4724763443411326 0.0038423801097563735 0.0038423801097563735 0.1321210028164925 0.3753430511353773 0.8320323087545453 1.4724763443411326
89 712 0.00014530771695402724 1.4037187719052067 0.003857338270648269 0.003857338270648269 0.1310510071275759 0.3485673838158397 0.8420135070040221 1.4037187719052067
90 720 0.00014515680913859837 1.3188318777497854 0.0035081537261977885 0.0035081537261977885 0.15401833176368102 0.34842314247984013 0.8375995387374227 1.3188318777497854
91 728 0.00013148108494358593 1.3627673605771697 0.0034664625236334075 0.0034664625236334075 0.1460793915472743 0.3419855977580169 0.8671299251238866 1.3627673605771697
92 736 0.00013365788455675821 1.28969695896 0.003401940080571958 0.003401940080571958 0.14142194118864956 0.34817266378291106 0.8379109923381154 1.28969695896
93 744 0.00011513974545656948 1.2487026455085224 0.003183253501896024 0.003183253501896024 0.13996611562528655 0.34524491800644985 0.924447721621711 1.2487026455085224
94 752 0.00011556119636223286 1.2758869121095224 0.0031999194208634013 0.0031999194208634013 0.1393009227564565 0.3191042196248063 0.8603312073660849 1.2758869121095224
95 760 0.00010871804074801088 1.2349812827318163 0.0031989302536301694 0.0031989302536301694 0.1361962378004029 0.3166822785860994 0.8496723538059747 1.2349812827318163
96 768 0.00011116161422489793 1.2416254444891226 0.0029287748383965426 0.0029287748383965426 0.13369072577985286 0.3178303445076932 0.8214876429311423 1.2416254444891226
97 776 9.535244951578144e-05 1.3052236275522973 0.002799983183467311 0.002799983183467311 0.12261971229047318 0.3124064011227494 0.8669961009191163 1.3052236275522973
98 784 8.913944394128684e-05 1.2295892013192982 0.0027037664593271503 0.0027037664593271503 0.11928998734498754 0.3131231539724104 0.8544164273293829 1.2295892013192982
99 792 8.460890831566117e-05 1.2145768215786503 0.002718356016003443 0.002718356016003443 0.10707550606306797 0.31955902818173304 0.8425830240101942 1.2145768215786503
100 800 7.926083476448887e-05 1.1641095905368555 0.002731750462682061 0.002731750462682061 0.1040648955031124 0.32615871874265356 0.7572773524785327 1.1641095905368555
101 808 6.932451628175692e-05 1.0674021919453205 0.0026258010026610733 0.0026258010026610733 0.10272029829781198 0.31376391409660914 0.8102445983994775 1.0674021919453205
102 816 6.88375174695343e-05 1.1415825159095427 0.0026230841334256775 0.0026230841334256775 0.09310876268856025 0.3088060685344305 0.7607345818553516 1.1415825159095427
103 824 6.845438629378754e-05 1.200302609755441 0.0025254721614158624 0.0025254721614158624 0.09456957079730352 0.2934518317674604 0.7146997793408055 1.200302609755441
104 832 6.393972036502212e-05 1.224136411760185 0.0025350835934894182 0.0025350835934894182 0.08727293334493041 0.27384011051684687 0.743655382626328 1.224136411760185
105 840 5.549135651544092e-05 1.1225517565039962 0.0025386957434619974 0.0025386957434619974 0.08549901880654015 0.2878312546594191 0.6656419160604773 1.1225517565039962
106 848 5.3553164569843024e-05 1.0214284613860587 0.002533429381120666 0.002533429381120666 0.08384095105047759 0.2942024096499423 0.646174698706334 1.0214284613860587
107 856 5.9393792394056924e-05 1.0541920489901326 0.002426165646295276 0.002426165646295276 0.07811815100437602 0.29356395486221265 0.6529143536651277 1.0541920489901326
108 864 5.522775786984722e-05 1.042119551231466 0.0025161613632251546 0.0025161613632251546 0.07501335344696773 0.2973017469723773 0.6374660982905382 1.042119551231466
109 872 4.7074362193778364e-05 0.9213739597711769 0.002426453294654132 0.002426453294654132 0.07412634292145381 0.3027637875669002 0.6539302355177689 0.9213739597711769
110 880 4.97864388966821e-05 0.8912072961225919 0.002267561105491852 0.002267561105491852 0.07579406340258384 0.2829976431495253 0.6538501317962956 0.8912072961225919
111 888 4.744691249175696e-05 0.9642841032497181 0.00219519394131056 0.00219519394131056 0.07414193712421178 0.2691830212234638 0.6630904704925551 0.9642841032497181
112 896 4.863473826480273e-05 0.9530741140874678 0.0022663119014819004 0.0022663119014819004 0.07115119456365333 0.2482356673898025 0.6695867027742126 0.9530741140874678
113 904 5.18078773965908e-05 0.9289279125757965 0.0022440804820944554 0.0022440804820944554 0.07059691761707179 0.2594435963307502 0.6470306235063229 0.9289279125757965
114 912 4.813073917695539e-05 0.9134651799483854 0.0020779772003505855 0.0020779772003505855 0.07413528925949138 0.24915803204183773 0.6662029848990882 0.9134651799483854
115 920 4.627310935621214e-05 0.8855391516931896 0.002191632924444208 0.002191632924444208 0.07293541718138462 0.2309414242414268 0.6593160088100078 0.8855391516931896
116 928 5.5090904261125874e-05 0.8197399328998393 0.0020147036737884843 0.0020147036737884843 0.070147688164908 0.24065779709553897 0.6781554558597919 0.8197399328998393
117 936 6.0264693301302975e-05 0.8984882438545033 0.0018577276076915004 0.0018577276076915004 0.06650241897112122 0.2711396639294399 0.6818941746618228 0.8984882438545033
118 944 5.7935697462014724e-05 0.8084447358377653 0.001779890325740905 0.001779890325740905 0.06781184288437238 0.3007942754681972 0.6748323182159498 0.8084447358377653
119 952 5.5254265694018575e-05 0.7309788213758853 0.0018797797051746353 0.0018797797051746353 0.06574129255259631 0.31246990480185005 0.6453860040070653 0.7309788213758853
120 960 5.060523306990593e-05 0.7125689918898247 0.0017816233241926115 0.0017816233241926115 0.06699831542235941 0.30022904255133304 0.6533566063216782 0.7125689918898247
121 968 5.135228191654374e-05 0.6789121907176107 0.0017518108423136324 0.0017518108423136324 0.06371612713847571 0.2841402264456165 0.6670946468737355 0.6789121907176107
122 976 4.442111883136715e-05 0.7271661098846286 0.0017443278462234368 0.0017443278462234368 0.058905730810889 0.2842854253610327 0.6386605805436537 0.7271661098846286
123 984 4.1008382611608375e-05 0.7155898342510748 0.0015636947664119229 0.0015636947664119229 0.05736929474303064 0.2853213900373468 0.6057182163957603 0.7155898342510748
124 992 3.898622651936278e-05 0.6929238705992458 0.0014643115462212631 0.0014643115462212631 0.052461418311781326 0.29057244324117354 0.6125962482880043 0.6929238705992458
